TOTAL EXECUTION TIME: 146.214209
cache_entries_created: 51252
cache_hits: 7968
cache_misses: 51252
cache_hit_rate: 0.134549
cache_size_bytes: 24088440
cache_overhead_per_hit: 0.000031
