TOTAL EXECUTION TIME: 54.878522
cache_entries_created: 19295
cache_hits: 2125
cache_misses: 19295
cache_hit_rate: 0.099206
cache_size_bytes: 9068650
cache_overhead_per_hit: 0.000040
