//Chr2
//#ind #cat #coord #loci #dig/loc ploidy
217	0	1	1	3	1
-20
Ind	Loc	Ugh
chr02.1	93485945	1
chr02.2	93486095	2
chr02.3	93486251	3
chr02.4	93486406	4
chr02.5	93486561	5
chr02.6	93486717	6
chr02.7	93486871	7
chr02.8	93487028	8
chr02.9	93487181	9
chr02.10	93487336	10
chr02.11	93487492	11
chr02.12	93487648	12
chr02.13	93487805	13
chr02.14	93497037	14
chr02.15	93497193	15
chr02.16	93497897	16
chr02.17	93498053	17
chr02.18	93498218	18
chr02.19	93498373	19
chr02.20	93498528	20
chr02.21	93498683	21
chr02.22	93498835	22
chr02.23	93498991	23
chr02.24	93499148	24
chr02.25	93499301	25
chr02.26	93499456	26
chr02.27	93499613	27
chr02.28	93499768	28
chr02.29	93499924	29
chr02.30	93500081	30
chr02.31	93500236	31
chr02.32	93500392	32
chr02.33	93500547	33
chr02.34	93500702	34
chr02.35	93500857	35
chr02.36	93501012	36
chr02.37	93501164	37
chr02.38	93501597	38
chr02.39	93501750	39
chr02.40	93501905	40
chr02.41	93502062	41
chr02.42	93502217	42
chr02.43	93502372	43
chr02.44	93502527	44
chr02.45	93502681	45
chr02.46	93502835	46
chr02.47	93502991	47
chr02.48	93503146	48
chr02.49	93503302	49
chr02.50	93503458	50
chr02.51	93503615	51
chr02.52	93503771	52
chr02.53	93503927	53
chr02.54	93504083	54
chr02.55	93504239	55
chr02.56	93504394	56
chr02.57	93504901	57
chr02.58	93505051	58
chr02.59	93505207	59
chr02.60	93505362	60
chr02.61	93505520	61
chr02.62	93505676	62
chr02.63	93505837	63
chr02.64	93505987	64
chr02.65	93506142	65
chr02.66	93506297	66
chr02.67	93506452	67
chr02.68	93506607	68
chr02.69	93506763	69
chr02.70	93506926	70
chr02.71	93507076	71
chr02.72	93507231	72
chr02.73	93507408	73
chr02.74	93507565	74
chr02.75	93507720	75
chr02.76	93507875	76
chr02.77	93508201	77
chr02.78	93508359	78
chr02.79	93509191	79
chr02.80	93509339	80
chr02.81	93509496	81
chr02.82	93509668	82
chr02.83	93509824	83
chr02.84	93509981	84
chr02.85	93510136	85
chr02.86	93510292	86
chr02.87	93510447	87
chr02.88	93510602	88
chr02.89	93510757	89
chr02.90	93510913	90
chr02.91	93511064	91
chr02.92	93511219	92
chr02.93	93511716	93
chr02.94	93511871	94
chr02.95	93512036	95
chr02.96	93512183	96
chr02.97	93512338	97
chr02.98	93512494	98
chr02.99	93556038	99
chr02.100	93556196	100
chr02.101	93556351	101
chr02.102	93556506	102
chr02.103	93556665	103
chr02.104	93556818	104
chr02.105	93556982	105
chr02.106	93557140	106
chr02.107	93557286	107
chr02.108	93557442	108
chr02.109	93557609	109
chr02.110	93557754	110
chr02.111	93557910	111
chr02.112	93558065	112
chr02.113	93558221	113
chr02.114	93558385	114
chr02.115	93558535	115
chr02.116	93558690	116
chr02.117	93558846	117
chr02.118	93559002	118
chr02.119	93559158	119
chr02.120	93559320	120
chr02.121	93584374	121
chr02.122	93584530	122
chr02.123	93584687	123
chr02.124	93584842	124
chr02.125	93584998	125
chr02.126	93585153	126
chr02.127	93585309	127
chr02.128	93585465	128
chr02.129	93586082	129
chr02.130	93586238	130
chr02.131	93586394	131
chr02.132	93586548	132
chr02.133	93586704	133
chr02.134	93586860	134
chr02.135	93587015	135
chr02.136	93587171	136
chr02.137	93587326	137
chr02.138	93587481	138
chr02.139	93587638	139
chr02.140	93587794	140
chr02.141	93587950	141
chr02.142	93588106	142
chr02.143	93588262	143
chr02.144	93588420	144
chr02.145	93588576	145
chr02.146	93588889	146
chr02.147	93589044	147
chr02.148	93589200	148
chr02.149	93589356	149
chr02.150	93589511	150
chr02.151	93589666	151
chr02.152	93589822	152
chr02.153	93589979	153
chr02.154	93590135	154
chr02.155	93590291	155
chr02.156	93590446	156
chr02.157	93590602	157
chr02.158	93591852	158
chr02.159	93592008	159
chr02.160	93592165	160
chr02.161	93592321	161
chr02.162	93592476	162
chr02.163	93592625	163
chr02.164	93592780	164
chr02.165	93592936	165
chr02.166	93593192	166
chr02.167	93608820	167
chr02.168	93608976	168
chr02.169	93609231	169
chr02.170	93609386	170
chr02.171	93609542	171
chr02.172	93614548	172
chr02.173	93614704	173
chr02.174	93614860	174
chr02.175	93615011	175
chr02.176	93615166	176
chr02.177	93615320	177
chr02.178	93615476	178
chr02.179	93615632	179
chr02.180	99568059	180
chr02.181	187033963	181
chr02.182	187034109	182
chr02.183	187034265	183
chr02.184	187034418	184
chr02.185	187034574	185
chr02.186	187034737	186
chr02.187	187034885	187
chr02.188	187035041	188
chr02.189	187035197	189
chr02.190	187035353	190
chr02.191	187035508	191
chr02.192	187035665	192
chr02.193	187035819	193
chr02.194	187035975	194
chr02.195	187036131	195
chr02.196	187036287	196
chr02.197	187036442	197
chr02.198	187036599	198
chr02.199	187036756	199
chr02.200	187036915	200
chr02.201	187037070	201
chr02.202	187037226	202
chr02.203	187037381	203
chr02.204	187037537	204
chr02.205	187037692	205
chr02.206	187037846	206
chr02.207	187038001	207
chr02.208	187038158	208
chr02.209	187038314	209
chr02.210	187038472	210
chr02.211	187038627	211
chr02.212	187038782	212
chr02.213	187038945	213
chr02.214	187039094	214
chr02.215	187039250	215
chr02.216	187039404	216
chr02.217	187039559	217
END
//Pairwise Dist Matrix
Ugh	1	2	3	4	5	6	7	8	9	10	11	12	13	14	15	16	17	18	19	20	21	22	23	24	25	26	27	28	29	30	31	32	33	34	35	36	37	38	39	40	41	42	43	44	45	46	47	48	49	50	51	52	53	54	55	56	57	58	59	60	61	62	63	64	65	66	67	68	69	70	71	72	73	74	75	76	77	78	79	80	81	82	83	84	85	86	87	88	89	90	91	92	93	94	95	96	97	98	99	100	101	102	103	104	105	106	107	108	109	110	111	112	113	114	115	116	117	118	119	120	121	122	123	124	125	126	127	128	129	130	131	132	133	134	135	136	137	138	139	140	141	142	143	144	145	146	147	148	149	150	151	152	153	154	155	156	157	158	159	160	161	162	163	164	165	166	167	168	169	170	171	172	173	174	175	176	177	178	179	180	181	182	183	184	185	186	187	188	189	190	191	192	193	194	195	196	197	198	199	200	201	202	203	204	205	206	207	208	209	210	211	212	213	214	215	216	2171	0	0.048854	0.034568	0.027526	0.078831	0.063418	0.07827	0.081764	0.063418	0.062974	0.04139	0.020272	0.056101	0.062974	0.020272	0.027338	0.070309	0.048854	0.085808	0.048854	0.072345	0.048516	0.056497	0.041677	0.048854	0.013453	0.048854	0.062974	0.020272	0.063418	0.062974	0.041677	0.048854	0.085808	0.048854	0.072345	0.07827	0.071313	0.048854	0.013453	0.048854	0.048854	0.036862	0.056497	0.063868	0.089659	0.063418	0.062974	0.04139	0.034097	0.070807	0.04139	0.020409	0.070807	0.084272	0.132698	0.063868	0.04139	0.041677	0.063418	0.070807	0.05571	0.078831	0.041677	0.07827	0.041677	0.048854	0.070807	0.062974	0.013453	0.056101	0.04139	0.084597	0.041677	0.048854	0.092755	0.020272	0.056101	0.057721	0.056101	0.05571	0.05571	0.013453	0.056101	0.04139	0.041677	0.048854	0.063418	0.041677	0.057721	0.034568	0.070807	0.094786	0.02791	0.052919	0.049546	0.0499	0.079401	0.070309	0.048854	0.107326	0.123767	0.07827	0.078831	0.063418	0.102599	0.04139	0.093422	0.035552	0.062974	0.085808	0.070807	0.071825	0.07827	0.105702	0.048516	0.07827	0.041677	0.062974	0.048854	0.064325	0.049198	0.072873	0.079401	0.042265	0.056497	0.049198	0.088337	0.057307	0.064325	0.064325	0.063868	0.063868	0.042565	0.078831	0.035053	0.087054	0.078831	0.056497	0.041969	0.056497	0.086426	0.049198	0.109684	0.102599	0.028106	0.071313	0.041969	0.056497	0.071825	0.071313	0.078831	0.056899	0.034809	0.056899	0.086426	0.063868	0.094786	0.109684	0.035053	0.110494	0.036593	0.041969	0.063868	0.094099	0.094786	0.049198	0.042565	0.079401	0.056497	0.056497	0.049198	0.078831	0.050991	0.064788	0.072345	0.078831	0.078831	0.087054	0.111611	0.094786	0.063418	0.063868	0.085808	0.098378	0.070807	0.07827	0.041677	0.064325	0.085198	0.07827	0.093422	0.062974	0.108156	0.085198	0.063418	0.05571	0.036593	0.085198	0.056101	0.070309	0.093422	0.062974	0.085808	0.071313	0.070807	0.086426	0.093422	0.070309	0.070807	0.048854	0.062974	0.093422	0.04139	0.086426	0.07827	0.1088872	0.048854	0	0.04627	0.04627	0.104335	0.068384	0.081713	0.103357	0.05312	0.088337	0.088337	0.067009	0.045966	0.096242	0.060032	0.053475	0.074553	0.060844	0.095584	0.04627	0.097585	0.060032	0.088942	0.0542	0.060032	0.067009	0.032756	0.096242	0.060032	0.081713	0.08116	0.060435	0.060032	0.095584	0.04627	0.097585	0.088942	0.068856	0.060032	0.067009	0.006438	0.060032	0.064325	0.060844	0.060435	0.115893	0.067009	0.088337	0.074051	0.074051	0.059634	0.04627	0.060032	0.088942	0.104909	0.140597	0.101851	0.060032	0.060435	0.089556	0.088942	0.074553	0.094099	0.04627	0.088337	0.046578	0.05312	0.11029	0.095584	0.056101	0.04627	0.046578	0.090178	0.046578	0.05312	0.125291	0.067009	0.045966	0.104909	0.04627	0.060435	0.088942	0.060032	0.096242	0.060032	0.060435	0.060435	0.074051	0.039483	0.083419	0.02609	0.08116	0.113423	0.068384	0.08116	0.061679	0.064788	0.090808	0.088337	0.067461	0.126537	0.133844	0.082843	0.111835	0.078831	0.118472	0.060032	0.103613	0.0499	0.067009	0.096242	0.088337	0.076102	0.094099	0.124677	0.067009	0.088942	0.060032	0.067009	0.070309	0.082843	0.055325	0.080565	0.090808	0.086426	0.083419	0.064325	0.106562	0.072345	0.082843	0.098967	0.079401	0.075579	0.076633	0.097585	0.056101	0.101851	0.123767	0.077717	0.063868	0.075579	0.121116	0.0542	0.126537	0.105067	0.049198	0.082843	0.0542	0.07827	0.097585	0.077717	0.124677	0.085198	0.056497	0.076102	0.094786	0.068384	0.112623	0.091448	0.068384	0.114235	0.056899	0.05457	0.090178	0.105067	0.106562	0.076102	0.064788	0.098271	0.0542	0.075579	0.061259	0.082843	0.085808	0.07827	0.102599	0.090178	0.105067	0.123767	0.148536	0.109684	0.081713	0.090808	0.103613	0.1176	0.085808	0.103613	0.060435	0.075579	0.111057	0.096909	0.111835	0.08116	0.126537	0.102901	0.08116	0.074051	0.056899	0.111057	0.074553	0.088337	0.118576	0.088337	0.096242	0.088942	0.096242	0.105067	0.111057	0.088337	0.088337	0.067461	0.088337	0.101114	0.08116	0.104335	0.095584	0.1270643	0.034568	0.04627	0	0.02609	0.089556	0.047207	0.060435	0.079979	0.04627	0.067009	0.067009	0.04627	0.039483	0.074553	0.05312	0.032972	0.053475	0.040009	0.074051	0.032756	0.082843	0.039483	0.074553	0.040278	0.039483	0.05312	0.060032	0.074553	0.05312	0.060435	0.060032	0.039744	0.039483	0.074051	0.032756	0.082843	0.067461	0.068856	0.039483	0.05312	0.04627	0.012931	0.02791	0.04689	0.053475	0.092755	0.04627	0.067009	0.05312	0.05312	0.05312	0.039483	0.05312	0.067461	0.08116	0.117753	0.078831	0.039483	0.039744	0.06792	0.067461	0.053475	0.071313	0.039483	0.067009	0.039744	0.032756	0.088337	0.074051	0.034568	0.039483	0.039744	0.068384	0.039744	0.032756	0.102901	0.04627	0.039483	0.08116	0.039483	0.053475	0.067461	0.039483	0.074553	0.039483	0.039744	0.039744	0.05312	0.019482	0.068856	0.019482	0.04627	0.090808	0.033413	0.05814	0.026789	0.042565	0.083419	0.074051	0.046578	0.102599	0.111057	0.075579	0.104335	0.056497	0.094786	0.060032	0.096242	0.028106	0.04627	0.088942	0.067009	0.068856	0.071313	0.101114	0.067009	0.081713	0.039483	0.04627	0.04139	0.061259	0.048182	0.057721	0.068856	0.063868	0.061679	0.042265	0.076633	0.0499	0.061259	0.069333	0.056899	0.0542	0.054944	0.075579	0.041677	0.086426	0.100388	0.04139	0.034809	0.061259	0.098271	0.0542	0.102599	0.097585	0.020691	0.061259	0.033413	0.063418	0.082843	0.077717	0.093422	0.048516	0.027717	0.061679	0.087054	0.068384	0.090178	0.098967	0.047207	0.091448	0.035053	0.04055	0.068384	0.097585	0.084004	0.05457	0.035301	0.076102	0.047207	0.0542	0.047207	0.068384	0.063418	0.056101	0.071825	0.068384	0.090178	0.092755	0.123037	0.071313	0.060435	0.05457	0.081713	0.094099	0.063418	0.081713	0.039744	0.061259	0.088942	0.075063	0.089556	0.060032	0.087054	0.08116	0.060032	0.05312	0.035053	0.088942	0.053475	0.067009	0.096242	0.067009	0.074553	0.067461	0.074553	0.082843	0.088942	0.067009	0.05312	0.046578	0.05312	0.093422	0.04627	0.082274	0.074051	0.1043354	0.027526	0.04627	0.02609	0	0.075063	0.047207	0.074553	0.064788	0.04627	0.05312	0.05312	0.032756	0.039483	0.060435	0.039483	0.00648	0.053475	0.040009	0.074051	0.039483	0.068384	0.012931	0.060435	0.040278	0.039483	0.039483	0.04627	0.060435	0.039483	0.046578	0.032756	0.046578	0.039483	0.074051	0.039483	0.068384	0.039744	0.068856	0.039483	0.039483	0.04627	0.039483	0.013825	0.04689	0.053475	0.077717	0.04627	0.05312	0.039483	0.039483	0.05312	0.02609	0.039483	0.053475	0.050622	0.117753	0.071313	0.02609	0.046578	0.053835	0.053475	0.026261	0.078831	0.039483	0.067009	0.026261	0.032756	0.074051	0.060032	0.027526	0.039483	0.026261	0.068384	0.026261	0.032756	0.088337	0.032756	0.039483	0.073408	0.039483	0.039744	0.053475	0.02609	0.060435	0.02609	0.046578	0.039744	0.05312	0.032756	0.05457	0.019482	0.060032	0.076102	0.02661	0.043177	0.04055	0.035301	0.068856	0.060032	0.032972	0.087054	0.096242	0.061259	0.089556	0.041969	0.087054	0.04627	0.081713	0.02098	0.04627	0.074553	0.05312	0.05457	0.056497	0.085808	0.05312	0.067461	0.02609	0.04627	0.034331	0.047207	0.034097	0.057721	0.05457	0.056497	0.047527	0.035053	0.069333	0.0499	0.047207	0.062104	0.049546	0.040278	0.040826	0.061259	0.027526	0.078831	0.085198	0.04139	0.027717	0.047207	0.083419	0.040278	0.094786	0.082843	0.01373	0.047207	0.019869	0.056101	0.068384	0.062974	0.085808	0.048516	0.020691	0.047527	0.079401	0.0542	0.075579	0.084004	0.033413	0.076633	0.020835	0.033638	0.0542	0.082843	0.069333	0.04055	0.035301	0.061679	0.033413	0.040278	0.033413	0.061259	0.048854	0.048854	0.064325	0.0542	0.075579	0.085198	0.106508	0.071313	0.046578	0.05457	0.067461	0.078831	0.056101	0.067461	0.026261	0.047207	0.074553	0.060844	0.075063	0.04627	0.079401	0.067009	0.04627	0.039483	0.020835	0.074553	0.032972	0.05312	0.081713	0.05312	0.060435	0.053475	0.060435	0.068384	0.074553	0.05312	0.04627	0.032972	0.05312	0.085808	0.04627	0.06792	0.060032	0.0895565	0.078831	0.104335	0.089556	0.075063	0	0.120257	0.111835	0.128454	0.111835	0.118576	0.126171	0.103613	0.104335	0.127064	0.103613	0.082274	0.11941	0.105809	0.142608	0.089556	0.104335	0.088942	0.019609	0.06792	0.104335	0.096242	0.103613	0.127064	0.103613	0.096242	0.118576	0.073556	0.104335	0.142608	0.089556	0.104335	0.117753	0.083419	0.104335	0.096242	0.104335	0.089556	0.088337	0.05312	0.081713	0.133686	0.111835	0.118576	0.111057	0.088942	0.089556	0.096242	0.103613	0.103613	0.122096	0.174699	0.110494	0.096242	0.073556	0.113423	0.103613	0.104335	0.101851	0.104335	0.133844	0.082843	0.096909	0.141596	0.133844	0.094099	0.104335	0.089556	0.136741	0.082843	0.096909	0.164159	0.103613	0.104335	0.139939	0.104335	0.104335	0.11941	0.096242	0.096242	0.096242	0.073556	0.097585	0.11941	0.082274	0.089556	0.082274	0.111835	0.121116	0.091448	0.112995	0.098967	0.08116	0.105809	0.133844	0.103613	0.134689	0.142608	0.106562	0.121116	0.118472	0.158482	0.118576	0.111057	0.072873	0.117753	0.125291	0.104335	0.098967	0.134689	0.140806	0.125291	0.11029	0.074553	0.118576	0.107326	0.106562	0.100388	0.122096	0.098967	0.110494	0.114235	0.087691	0.115893	0.120257	0.091448	0.12982	0.119358	0.083419	0.107326	0.105809	0.094099	0.134689	0.124677	0.085808	0.094786	0.098271	0.121987	0.105809	0.135707	0.145735	0.072345	0.090808	0.076102	0.1176	0.12982	0.11674	0.1256	0.078831	0.087054	0.098967	0.111315	0.121116	0.137735	0.138744	0.091448	0.077171	0.079979	0.091448	0.121116	0.152699	0.099673	0.098967	0.088337	0.106562	0.090808	0.105809	0.098271	0.105809	0.101851	0.1176	0.119358	0.083419	0.105809	0.140806	0.167358	0.111315	0.075579	0.114235	0.095584	0.142931	0.132698	0.111057	0.061259	0.105809	0.096909	0.112623	0.117753	0.067461	0.112149	0.103613	0.088942	0.081713	0.079979	0.134796	0.104335	0.081713	0.157344	0.118576	0.095584	0.06792	0.118576	0.121116	0.118576	0.074553	0.096909	0.061259	0.117753	0.109684	0.096242	0.142608	0.104335	0.1436366	0.063418	0.068384	0.047207	0.047207	0.120257	0	0.096909	0.095483	0.068384	0.082274	0.06792	0.06792	0.061259	0.075579	0.075063	0.0542	0.075579	0.061259	0.090178	0.061259	0.091448	0.053835	0.097585	0.060844	0.061259	0.075063	0.082274	0.075579	0.075063	0.082843	0.082274	0.06792	0.061259	0.090178	0.061259	0.091448	0.082274	0.090178	0.061259	0.075063	0.068384	0.061259	0.065735	0.068384	0.075579	0.102599	0.061259	0.082274	0.053835	0.082274	0.068384	0.060844	0.075063	0.090178	0.104909	0.143636	0.109684	0.060844	0.06792	0.076633	0.090178	0.075063	0.101851	0.061259	0.089556	0.061679	0.0542	0.096909	0.075063	0.063418	0.061259	0.061259	0.090178	0.061679	0.0542	0.126171	0.06792	0.061259	0.105702	0.061259	0.075579	0.0542	0.060844	0.097585	0.060844	0.06792	0.047527	0.068384	0.0542	0.084597	0.040278	0.082843	0.099673	0.069818	0.066711	0.062536	0.072873	0.107326	0.089556	0.0542	0.120257	0.120257	0.098271	0.12982	0.086426	0.109684	0.082274	0.120257	0.057307	0.060435	0.082274	0.090178	0.099673	0.101851	0.110494	0.081713	0.104335	0.060844	0.06792	0.055325	0.077171	0.055325	0.088993	0.099673	0.086426	0.076633	0.071825	0.101114	0.087691	0.084597	0.092755	0.079401	0.076633	0.070309	0.106562	0.063418	0.109684	0.1081	0.085198	0.063868	0.069333	0.114235	0.076633	0.134689	0.115058	0.049546	0.091448	0.062104	0.085808	0.084597	0.092755	0.108887	0.085808	0.056497	0.069818	0.118472	0.091448	0.107326	0.12982	0.069818	0.123767	0.057721	0.062536	0.076633	0.121987	0.100388	0.069333	0.072345	0.106562	0.076633	0.054944	0.069333	0.098967	0.079401	0.07827	0.102599	0.098967	0.098967	0.123767	0.124964	0.118472	0.076102	0.084004	0.104335	0.111315	0.077717	0.089556	0.061679	0.076633	0.104335	0.098271	0.111835	0.082274	0.129434	0.104335	0.082274	0.075063	0.057721	0.105067	0.068384	0.082274	0.111835	0.089556	0.097585	0.090178	0.096909	0.106562	0.105067	0.089556	0.090178	0.068856	0.081713	0.11674	0.075063	0.090178	0.097585	0.1134237	0.07827	0.081713	0.060435	0.074553	0.111835	0.096909	0	0.135707	0.081713	0.118576	0.118576	0.096242	0.074553	0.127064	0.088942	0.082274	0.104335	0.089556	0.111057	0.081713	0.120257	0.088942	0.096242	0.075063	0.088942	0.096242	0.095584	0.127064	0.088942	0.096909	0.111057	0.074553	0.088942	0.111057	0.081713	0.120257	0.118576	0.105067	0.088942	0.096242	0.081713	0.060435	0.079979	0.082274	0.019609	0.149003	0.081713	0.118576	0.103613	0.103613	0.088942	0.088942	0.081713	0.104335	0.12117	0.149429	0.1176	0.088942	0.074553	0.112623	0.104335	0.103613	0.109684	0.088942	0.102901	0.089556	0.067461	0.140597	0.118576	0.085808	0.074553	0.089556	0.105067	0.089556	0.067461	0.164159	0.096242	0.074553	0.12117	0.074553	0.104335	0.11941	0.088942	0.111835	0.088942	0.074553	0.089556	0.103613	0.067461	0.105809	0.067461	0.067461	0.121987	0.083419	0.105702	0.054944	0.095483	0.098967	0.126171	0.096909	0.135707	0.166546	0.127969	0.143636	0.109684	0.141861	0.111057	0.111835	0.079401	0.088337	0.118576	0.118576	0.121987	0.1256	0.141861	0.117753	0.096242	0.088337	0.067461	0.092097	0.113423	0.099673	0.112149	0.121987	0.1176	0.113423	0.094786	0.138744	0.103357	0.113423	0.115058	0.110494	0.105809	0.107326	0.128888	0.093422	0.141861	0.139767	0.077717	0.071313	0.113423	0.121116	0.105809	0.142931	0.152699	0.071313	0.113423	0.083419	0.101114	0.136741	0.131724	0.11674	0.077717	0.078831	0.114235	0.094786	0.121116	0.144678	0.145735	0.098271	0.130765	0.079979	0.076633	0.121116	0.152699	0.138744	0.105809	0.087691	0.12982	0.098271	0.105809	0.098271	0.121116	0.1176	0.108887	0.110494	0.121116	0.136741	0.131724	0.158482	0.141861	0.111835	0.090808	0.111057	0.151264	0.115893	0.133844	0.089556	0.113423	0.141596	0.120257	0.141596	0.096242	0.152421	0.118576	0.11029	0.088942	0.087691	0.142608	0.104335	0.111057	0.149429	0.118576	0.126171	0.118576	0.126171	0.128888	0.142608	0.103613	0.118576	0.096909	0.102901	0.108887	0.096242	0.11941	0.111057	0.1596368	0.081764	0.103357	0.079979	0.064788	0.128454	0.095483	0.135707	0	0.103357	0.094786	0.102599	0.094786	0.095483	0.126537	0.102599	0.064325	0.102599	0.095483	0.119358	0.095483	0.122096	0.064325	0.112149	0.103357	0.095483	0.087054	0.072345	0.126537	0.102599	0.103357	0.094786	0.111315	0.095483	0.119358	0.095483	0.122096	0.095483	0.136741	0.095483	0.087054	0.103357	0.095483	0.073408	0.104127	0.112149	0.013922	0.103357	0.094786	0.087054	0.094786	0.095483	0.056899	0.102599	0.103357	0.105702	0.16092	0.123993	0.071825	0.111315	0.103357	0.103357	0.087054	0.105702	0.095483	0.127488	0.079979	0.087691	0.095483	0.110494	0.081764	0.095483	0.056899	0.134689	0.079979	0.087691	0.102599	0.094786	0.095483	0.109	0.095483	0.056899	0.102599	0.079401	0.119358	0.071825	0.111315	0.095483	0.111315	0.087691	0.106508	0.072345	0.119358	0.135707	0.087691	0.082377	0.102599	0.082999	0.135707	0.126537	0.087691	0.128454	0.151264	0.119358	0.127488	0.106508	0.124964	0.094786	0.127488	0.06875	0.110494	0.135707	0.111315	0.094786	0.123037	0.119358	0.102599	0.135707	0.079979	0.110494	0.081764	0.095483	0.094786	0.108156	0.095483	0.112995	0.102599	0.089659	0.129434	0.106508	0.103357	0.112149	0.097638	0.087054	0.104127	0.102599	0.080565	0.137791	0.135707	0.087691	0.08116	0.094786	0.142931	0.102599	0.138857	0.111315	0.058566	0.102599	0.071825	0.104127	0.103357	0.119358	0.136741	0.096191	0.073408	0.087691	0.138857	0.118472	0.103357	0.151264	0.087691	0.136741	0.067715	0.087691	0.102599	0.142931	0.112149	0.094786	0.090335	0.119358	0.087054	0.087054	0.094786	0.102599	0.114727	0.096191	0.105702	0.102599	0.142931	0.152421	0.168708	0.133511	0.103357	0.112149	0.135707	0.127488	0.106508	0.119358	0.072345	0.104909	0.134689	0.118472	0.127488	0.110494	0.137791	0.134689	0.087691	0.102599	0.072873	0.134689	0.103357	0.118472	0.127488	0.118472	0.104127	0.112149	0.127488	0.110494	0.135707	0.118472	0.111315	0.087691	0.118472	0.148536	0.094786	0.136741	0.119358	0.1265379	0.063418	0.05312	0.04627	0.04627	0.111835	0.068384	0.081713	0.103357	0	0.08116	0.088337	0.067009	0.04627	0.088942	0.074051	0.053475	0.074553	0.060844	0.08116	0.060032	0.105067	0.060032	0.096242	0.061259	0.060032	0.074051	0.067009	0.088942	0.074051	0.081713	0.08116	0.067461	0.060032	0.08116	0.060032	0.105067	0.088942	0.076102	0.060032	0.074051	0.05312	0.04627	0.064325	0.06792	0.060435	0.115893	0.012931	0.08116	0.074051	0.074051	0.060032	0.060032	0.074051	0.088942	0.088993	0.11029	0.109684	0.060032	0.067461	0.089556	0.088942	0.074553	0.101851	0.060032	0.074051	0.060435	0.039483	0.102901	0.095584	0.048854	0.04627	0.060435	0.075579	0.060435	0.039483	0.117753	0.067009	0.04627	0.096909	0.04627	0.074553	0.088942	0.060032	0.096242	0.060032	0.067461	0.060435	0.074051	0.05312	0.090808	0.039483	0.067009	0.098271	0.068384	0.073408	0.047527	0.072345	0.090808	0.095584	0.067461	0.110494	0.126171	0.097585	0.111835	0.086426	0.126537	0.067009	0.103613	0.057307	0.067009	0.096242	0.088337	0.090808	0.101851	0.124677	0.074051	0.088942	0.060032	0.05312	0.070309	0.082843	0.069818	0.088337	0.090808	0.094099	0.083419	0.071825	0.106562	0.087691	0.082843	0.098967	0.087054	0.075579	0.069333	0.097585	0.063418	0.101851	0.115893	0.077717	0.063868	0.082843	0.105809	0.061259	0.118472	0.105067	0.049198	0.082843	0.0542	0.093422	0.105067	0.085198	0.124677	0.085198	0.056497	0.083419	0.102599	0.075579	0.112623	0.121987	0.068384	0.098967	0.056899	0.068856	0.090178	0.097585	0.106562	0.076102	0.072345	0.083419	0.040278	0.068384	0.061259	0.075579	0.07827	0.070807	0.087054	0.082843	0.112623	0.1081	0.139939	0.109684	0.081713	0.090808	0.103613	0.1176	0.085808	0.103613	0.060435	0.075579	0.111057	0.096909	0.104335	0.08116	0.110494	0.102901	0.067009	0.074051	0.056899	0.103613	0.074553	0.088337	0.096242	0.088337	0.096242	0.081713	0.096242	0.105067	0.088942	0.088337	0.088337	0.067461	0.088337	0.124677	0.08116	0.096909	0.095584	0.11183510	0.062974	0.088337	0.067009	0.05312	0.118576	0.082274	0.118576	0.094786	0.08116	0	0.08774	0.066563	0.08116	0.095584	0.073556	0.067009	0.088337	0.082274	0.095584	0.08116	0.105067	0.039225	0.103613	0.075063	0.08116	0.073556	0.088337	0.095584	0.073556	0.095584	0.094935	0.08116	0.08116	0.095584	0.08116	0.105067	0.067009	0.105067	0.08116	0.073556	0.088337	0.08116	0.071825	0.088942	0.096242	0.1081	0.08116	0	0.08774	0.066563	0.095584	0.073556	0.073556	0.102901	0.120257	0.140597	0.108887	0.073556	0.08116	0.096909	0.102901	0.088337	0.11674	0.08116	0.095584	0.067461	0.060032	0.019482	0.109534	0.05571	0.08116	0.074051	0.104335	0.067461	0.060032	0.032543	0.066563	0.08116	0.096909	0.08116	0.088337	0.088337	0.059634	0.095584	0.073556	0.08116	0.081713	0.08116	0.074051	0.090808	0.060032	0.102901	0.127969	0.061259	0.096191	0.090178	0.079979	0.120257	0.109534	0.08116	0.133686	0.125291	0.105067	0.11941	0.101114	0.141861	0.080614	0.132905	0.064788	0.094935	0.117753	0.095584	0.097585	0.11674	0.139767	0.08774	0.117753	0.067009	0.094935	0.084597	0.090178	0.084004	0.096191	0.097585	0.093422	0.097585	0.086426	0.114235	0.094786	0.090178	0.098271	0.101851	0.075063	0.076102	0.096909	0.077717	0.11674	0.077171	0.084597	0.07827	0.082274	0.105067	0.089556	0.150125	0.127969	0.049198	0.089556	0.060844	0.092755	0.112623	0.115058	0.092755	0.092755	0.070807	0.082843	0.101851	0.089556	0.120257	0.136741	0.0542	0.121116	0.049198	0.082843	0.104335	0.11941	0.098271	0.090178	0.087054	0.105067	0.075063	0.089556	0.082274	0.096909	0.085198	0.100388	0.1176	0.082274	0.127064	0.115058	0.164721	0.109684	0.088942	0.105067	0.117753	0.132698	0.085198	0.102901	0.067461	0.096909	0.125291	0.096242	0.118576	0.08774	0.118472	0.116941	0.088337	0.08774	0.071313	0.117753	0.088337	0.08774	0.102901	0.102199	0.088942	0.088942	0.11029	0.104335	0.11029	0.094935	0.095584	0.074553	0.102199	0.139767	0.080614	0.103613	0.095584	0.12617111	0.04139	0.088337	0.067009	0.05312	0.126171	0.06792	0.118576	0.102599	0.088337	0.08774	0	0.045966	0.067009	0.060032	0.052769	0.060032	0.095584	0.082274	0.11029	0.08116	0.112623	0.073556	0.103613	0.082274	0.08116	0.052769	0.08116	0.060032	0.052769	0.088337	0.08774	0.088337	0.08116	0.11029	0.08116	0.112623	0.102901	0.112623	0.08116	0.052769	0.088337	0.08116	0.064325	0.096242	0.096242	0.1081	0.074051	0.08774	0.012848	0.059634	0.08116	0.059634	0.052769	0.095584	0.104127	0.164159	0.093422	0.066563	0.088337	0.075063	0.095584	0.08116	0.108887	0.08116	0.11029	0.067461	0.074051	0.102901	0.032543	0.04139	0.08116	0.060032	0.111835	0.067461	0.074051	0.124423	0.045966	0.067009	0.073408	0.08116	0.074051	0.05312	0.039225	0.088337	0.066563	0.088337	0.060435	0.08116	0.074051	0.098271	0.060032	0.102901	0.112623	0.061259	0.065259	0.082843	0.079979	0.112623	0.073556	0.04627	0.1256	0.125291	0.105067	0.11941	0.07827	0.109684	0.073556	0.117753	0.064788	0.080614	0.088337	0.095584	0.097585	0.093422	0.1081	0.066563	0.11029	0.067009	0.073556	0.055325	0.090178	0.062104	0.104127	0.105067	0.085808	0.090178	0.078831	0.106562	0.094786	0.090178	0.090808	0.078831	0.075063	0.068856	0.111835	0.070309	0.124677	0.099673	0.084597	0.070807	0.089556	0.127969	0.082274	0.141861	0.112623	0.056497	0.096909	0.06792	0.085198	0.097585	0.107326	0.100388	0.092755	0.063418	0.082843	0.109684	0.096909	0.120257	0.136741	0.061259	0.128888	0.071313	0.075579	0.082274	0.127064	0.121116	0.082843	0.079401	0.112623	0.082274	0.06792	0.075063	0.111835	0.077717	0.077717	0.094099	0.104335	0.104335	0.130765	0.122096	0.1176	0.074553	0.090178	0.11029	0.11674	0.100388	0.102901	0.067461	0.089556	0.102901	0.103613	0.118576	0.08774	0.118472	0.109534	0.074051	0.080614	0.056497	0.102901	0.08116	0.094935	0.11029	0.08774	0.103613	0.096242	0.095584	0.111835	0.117753	0.094935	0.095584	0.074553	0.073556	0.115893	0.073556	0.103613	0.102901	0.13384412	0.020272	0.067009	0.04627	0.032756	0.103613	0.06792	0.096242	0.094786	0.067009	0.066563	0.045966	0	0.060032	0.067009	0.032333	0.039483	0.074051	0.04689	0.095584	0.060032	0.090178	0.052769	0.081713	0.060844	0.04627	0.032333	0.067009	0.067009	0.032333	0.067009	0.066563	0.067009	0.04627	0.095584	0.060032	0.090178	0.08116	0.082843	0.04627	0.032333	0.067009	0.060032	0.049546	0.074553	0.074553	0.100388	0.067009	0.066563	0.045966	0.025754	0.074051	0.045966	0.032543	0.074051	0.088337	0.140597	0.070807	0.045966	0.067009	0.074553	0.074051	0.060032	0.101114	0.060032	0.074051	0.046578	0.05312	0.08116	0.066563	0.020272	0.060032	0.04627	0.081713	0.046578	0.05312	0.102199	0	0.060032	0.065259	0.060032	0.060032	0.060032	0.019232	0.067009	0.045966	0.067009	0.060435	0.074051	0.05312	0.076102	0.039483	0.08116	0.097585	0.040278	0.065259	0.061259	0.057307	0.090178	0.080614	0.05312	0.109684	0.125291	0.082843	0.096909	0.070807	0.109684	0.052769	0.102901	0.042565	0.066563	0.095584	0.060032	0.082843	0.085808	0.1081	0.059634	0.088337	0.04627	0.066563	0.055325	0.068384	0.054944	0.065259	0.082843	0.063418	0.061259	0.056497	0.091448	0.071825	0.068384	0.068856	0.071313	0.06792	0.047527	0.089556	0.048516	0.101114	0.092097	0.069818	0.048854	0.06792	0.090178	0.060844	0.1176	0.105067	0.034809	0.075063	0.04689	0.077717	0.090178	0.084597	0.092755	0.070309	0.041677	0.068384	0.101851	0.075063	0.097585	0.113423	0.040278	0.112623	0.049198	0.0542	0.075063	0.104335	0.105067	0.061259	0.056899	0.090178	0.060844	0.060844	0.053835	0.089556	0.05571	0.070309	0.086426	0.082274	0.096909	0.107326	0.122096	0.101851	0.053475	0.075579	0.088337	0.085808	0.077717	0.08116	0.046578	0.04689	0.088337	0.081713	0.096242	0.066563	0.110494	0.073556	0.067009	0.059634	0.041969	0.088337	0.04627	0.073556	0.102901	0.066563	0.088337	0.074553	0.067009	0.089556	0.095584	0.073556	0.074051	0.039744	0.073556	0.092755	0.052769	0.088942	0.08116	0.11105713	0.056101	0.045966	0.039483	0.039483	0.104335	0.061259	0.074553	0.095483	0.04627	0.08116	0.067009	0.060032	0	0.088942	0.067009	0.046578	0.067461	0.053835	0.074051	0.039483	0.082843	0.05312	0.088942	0.0542	0.05312	0.067009	0.060032	0.088942	0.067009	0.074553	0.074051	0.060435	0.05312	0.074051	0.039483	0.082843	0.081713	0.083419	0.05312	0.067009	0.04627	0.039483	0.056899	0.060844	0.053475	0.1081	0.04627	0.08116	0.067009	0.067009	0.039225	0.039483	0.067009	0.081713	0.08116	0.117753	0.101851	0.05312	0.060435	0.075063	0.081713	0.067461	0.094099	0.05312	0.067009	0.039744	0.032756	0.102901	0.088337	0.056101	0.02609	0.039744	0.068384	0.039744	0.032756	0.102901	0.060032	0	0.104909	0.02609	0.053475	0.081713	0.05312	0.088942	0.05312	0.060435	0.046578	0.067009	0.032756	0.068856	0.019482	0.060032	0.105809	0.061259	0.065735	0.04055	0.064788	0.098271	0.074051	0.060435	0.118472	0.126171	0.090178	0.104335	0.063868	0.118472	0.074051	0.111057	0.0499	0.060032	0.103613	0.08116	0.083419	0.078831	0.11674	0.08116	0.096242	0.05312	0.032756	0.062974	0.075579	0.048182	0.080565	0.083419	0.086426	0.076102	0.064325	0.091448	0.072345	0.075579	0.091448	0.079401	0.0542	0.069333	0.090178	0.056101	0.109684	0.115893	0.062974	0.056497	0.075579	0.098271	0.068384	0.126537	0.097585	0.041969	0.075579	0.047207	0.070807	0.097585	0.092755	0.11674	0.077717	0.049198	0.076102	0.079401	0.082843	0.105067	0.098967	0.061259	0.106562	0.049546	0.061679	0.068384	0.112623	0.098967	0.068856	0.064788	0.090808	0.061259	0.068384	0.061259	0.082843	0.07827	0.056101	0.064325	0.082843	0.105067	0.115893	0.131441	0.101851	0.074553	0.083419	0.096242	0.109684	0.085808	0.096242	0.053475	0.075579	0.103613	0.089556	0.104335	0.074051	0.102599	0.095584	0.060032	0.067009	0.049546	0.103613	0.067461	0.08116	0.103613	0.08116	0.088942	0.081713	0.088942	0.097585	0.103613	0.08116	0.08116	0.060435	0.067009	0.11674	0.074051	0.096909	0.088337	0.1194114	0.062974	0.096242	0.074553	0.060435	0.127064	0.075579	0.127064	0.126537	0.088942	0.095584	0.060032	0.067009	0.088942	0	0.074051	0.067009	0.095584	0.090178	0.126171	0.088942	0.113423	0.08116	0.104335	0.090178	0.088942	0.074051	0.096242	0	0.074051	0.096242	0.095584	0.096242	0.088942	0.126171	0.088942	0.113423	0.111057	0.121116	0.088942	0.074051	0.096242	0.088942	0.079401	0.104335	0.104335	0.131724	0.074553	0.095584	0.04627	0.08116	0.088942	0.074051	0.074051	0.103613	0.104127	0.165344	0.1176	0.074051	0.096242	0.089556	0.103613	0.074553	0.132698	0.074553	0.118576	0.074553	0.081713	0.111057	0.067009	0.05571	0.088942	0.074051	0.11941	0.074553	0.081713	0.132905	0.067009	0.088942	0.104909	0.088942	0.088337	0.02609	0.060032	0.111057	0.074051	0.096242	0.074553	0.088942	0.081713	0.098967	0.067461	0.111057	0.105067	0.082843	0.065259	0.090178	0.087691	0.097585	0.095584	0.067461	0.1256	0.117753	0.098271	0.134796	0.101114	0.126537	0.095584	0.126171	0.072873	0.088337	0.096242	0.081713	0.112623	0.11674	0.1081	0.088337	0.096242	0.074553	0.095584	0.05571	0.097585	0.069333	0.112149	0.112623	0.108887	0.097585	0.086426	0.121987	0.102599	0.097585	0.113423	0.094099	0.096909	0.076102	0.111835	0.077717	0.11674	0.107326	0.084597	0.07827	0.096909	0.127969	0.089556	0.150125	0.135761	0.063868	0.104335	0.075063	0.1081	0.105067	0.115058	0.123767	0.085198	0.070807	0.097585	0.1256	0.104335	0.127969	0.144678	0.082843	0.136741	0.071313	0.082843	0.104335	0.11941	0.113423	0.090178	0.079401	0.120257	0.089556	0.075063	0.082274	0.111835	0.100388	0.100388	0.109684	0.096909	0.111835	0.130765	0.138857	0.118472	0.081713	0.097585	0.111057	0.132698	0.093422	0.103613	0.074553	0.097585	0.118576	0.111057	0.104335	0.095584	0.126537	0.11029	0.096242	0.088337	0.071313	0.102901	0.088942	0.102901	0.118576	0.095584	0.111835	0.089556	0.103613	0.096909	0.103613	0.102901	0.103613	0.081713	0.095584	0.124677	0.095584	0.096909	0.111057	0.14159615	0.020272	0.060032	0.05312	0.039483	0.103613	0.075063	0.088942	0.102599	0.074051	0.073556	0.052769	0.032333	0.067009	0.074051	0	0.04627	0.08774	0.06792	0.102901	0.067009	0.075579	0.059634	0.081713	0.060844	0.067009	0.032333	0.060032	0.074051	0	0.074051	0.073556	0.067009	0.067009	0.102901	0.067009	0.075579	0.088337	0.090178	0.067009	0.032333	0.060032	0.067009	0.056899	0.074553	0.067461	0.1081	0.074051	0.073556	0.052769	0.045666	0.08116	0.052769	0.025921	0.08116	0.096191	0.132905	0.085198	0.052769	0.067009	0.081713	0.08116	0.067009	0.101114	0.067009	0.095584	0.053475	0.04627	0.088337	0.073556	0.027152	0.067009	0.05312	0.102901	0.053475	0.04627	0.109534	0.032333	0.067009	0.072873	0.067009	0.067009	0.067009	0.025754	0.074051	0.052769	0.067009	0.067461	0.08116	0.060032	0.061679	0.04627	0.074051	0.105067	0.047207	0.072873	0.068384	0.064788	0.082843	0.08774	0.060032	0.1176	0.132905	0.090178	0.104335	0.07827	0.1176	0.059634	0.095584	0.042565	0.073556	0.102901	0.08116	0.090178	0.093422	0.115893	0.066563	0.08116	0.05312	0.073556	0.062536	0.061259	0.062104	0.088337	0.090178	0.070807	0.075579	0.063868	0.098967	0.079401	0.075579	0.076102	0.078831	0.075063	0.05457	0.096909	0.05571	0.108887	0.099673	0.077171	0.056101	0.075063	0.112623	0.06792	0.109684	0.112623	0.041969	0.082274	0.053835	0.070309	0.097585	0.077171	0.100388	0.077717	0.048854	0.075579	0.094099	0.06792	0.105067	0.121116	0.047207	0.120257	0.056497	0.047207	0.082274	0.111835	0.112623	0.068384	0.064325	0.097585	0.06792	0.06792	0.060844	0.096909	0.062974	0.077717	0.094099	0.089556	0.096909	0.115058	0.13043	0.109684	0.074553	0.082843	0.095584	0.108887	0.085198	0.088337	0.053475	0.075063	0.095584	0.088942	0.103613	0.073556	0.118472	0.080614	0.074051	0.052769	0.049198	0.095584	0.067009	0.073556	0.102901	0.066563	0.095584	0.081713	0.08116	0.096909	0.102901	0.080614	0.08116	0.060435	0.080614	0.100388	0.059634	0.096242	0.088337	0.11857616	0.027338	0.053475	0.032972	0.00648	0.082274	0.0542	0.082274	0.064325	0.053475	0.067009	0.060032	0.039483	0.046578	0.067009	0.04627	0	0.060032	0.047207	0.081713	0.046578	0.076102	0.02609	0.060844	0.047207	0.046578	0.04627	0.053475	0.067009	0.04627	0.053475	0.039483	0.053475	0.046578	0.081713	0.046578	0.076102	0.053475	0.076102	0.046578	0.04627	0.053475	0.046578	0.020835	0.060844	0.060844	0.070309	0.053475	0.067009	0.04627	0.05312	0.060435	0.032756	0.04627	0.060435	0.057721	0.111057	0.071313	0.032756	0.053475	0.060844	0.060435	0.032972	0.07827	0.046578	0.074553	0.032972	0.039744	0.067461	0.067009	0.027338	0.046578	0.032756	0.075063	0.032972	0.039744	0.088337	0.039483	0.046578	0.073408	0.046578	0.04627	0.060032	0.032756	0.067461	0.032756	0.053475	0.046578	0.060435	0.039744	0.062104	0.026261	0.067461	0.082843	0.033413	0.035552	0.047207	0.035301	0.075579	0.067009	0.039744	0.094099	0.11029	0.068856	0.096909	0.041677	0.087054	0.05312	0.088942	0.021128	0.05312	0.081713	0.060435	0.068384	0.056101	0.092755	0.060032	0.074553	0.032972	0.05312	0.034331	0.0542	0.040826	0.057721	0.068384	0.056101	0.0542	0.034809	0.076633	0.049546	0.0542	0.068856	0.049198	0.053835	0.047527	0.060844	0.027338	0.07827	0.084597	0.048182	0.027526	0.053835	0.090178	0.04689	0.094099	0.090178	0.01373	0.060844	0.033191	0.05571	0.075579	0.062536	0.085198	0.048516	0.020549	0.0542	0.078831	0.060844	0.082843	0.098271	0.040278	0.090808	0.034809	0.040278	0.060844	0.089556	0.083419	0.047207	0.035053	0.075579	0.04689	0.04689	0.040009	0.075063	0.05571	0.05571	0.063868	0.06792	0.082274	0.092097	0.113855	0.071825	0.053475	0.061259	0.074553	0.085808	0.056101	0.074553	0.032972	0.0542	0.081713	0.067461	0.082274	0.05312	0.087054	0.074051	0.053475	0.04627	0.027717	0.08116	0.039744	0.060032	0.074553	0.060032	0.06792	0.060844	0.067461	0.075063	0.081713	0.060032	0.053475	0.039744	0.060032	0.085808	0.05312	0.075063	0.067461	0.09624217	0.070309	0.074553	0.053475	0.053475	0.11941	0.075579	0.104335	0.102599	0.074553	0.088337	0.095584	0.074051	0.067461	0.095584	0.08774	0.060032	0	0.068384	0.088942	0.067461	0.113423	0.074051	0.096909	0.0542	0.067461	0.08116	0.088942	0.095584	0.08116	0.081713	0.08116	0.060435	0.067461	0.088942	0.067461	0.113423	0.088942	0.083419	0.067461	0.08116	0.074553	0.067461	0.056899	0.082274	0.082274	0.1081	0.074553	0.088337	0.08116	0.088337	0.081713	0.067009	0.08116	0.081713	0.096191	0.149429	0.109684	0.067009	0.060435	0.075063	0.081713	0.081713	0.085808	0.067461	0.081713	0.067461	0.060435	0.103613	0.102901	0.070309	0.067461	0.067009	0.082274	0.067461	0.060435	0.11029	0.074051	0.067461	0.104909	0.067461	0.08116	0.088337	0.067009	0.096242	0.067009	0.060435	0.067461	0.067461	0.060435	0.098967	0.046578	0.088942	0.105067	0.061259	0.072873	0.0542	0.064788	0.090178	0.102901	0.074553	0.1176	0.148369	0.090808	0.127064	0.093422	0.134689	0.088337	0.118576	0.065259	0.074051	0.118576	0.096242	0.090178	0.108887	0.115893	0.095584	0.103613	0.067461	0.074051	0.077717	0.075579	0.062104	0.080565	0.089556	0.07827	0.068384	0.063868	0.098967	0.079401	0.075579	0.083419	0.071313	0.075063	0.075579	0.082274	0.05571	0.108887	0.114235	0.077171	0.056101	0.075063	0.112623	0.06792	0.1256	0.112623	0.041969	0.082274	0.053835	0.085198	0.090178	0.092097	0.115058	0.077717	0.048854	0.075579	0.109684	0.082274	0.105067	0.120257	0.061259	0.098271	0.056497	0.061259	0.075063	0.104335	0.083419	0.061259	0.064325	0.090178	0.053835	0.06792	0.060844	0.089556	0.070309	0.069818	0.094099	0.089556	0.104335	0.115058	0.138857	0.126537	0.088942	0.097585	0.103613	0.108887	0.101114	0.111057	0.060435	0.082843	0.118576	0.074553	0.11941	0.088337	0.118472	0.11029	0.088942	0.08116	0.049198	0.11029	0.074553	0.095584	0.126171	0.095584	0.104335	0.096909	0.103613	0.074553	0.118576	0.095584	0.096242	0.074553	0.095584	0.132698	0.088337	0.111835	0.096242	0.11105718	0.048854	0.060844	0.040009	0.040009	0.105809	0.061259	0.089556	0.095483	0.060844	0.082274	0.082274	0.04689	0.053835	0.090178	0.06792	0.047207	0.068384	0	0.060844	0.053835	0.091448	0.053835	0.090178	0.0542	0	0.06792	0.075063	0.090178	0.06792	0.075579	0.075063	0.061259	0	0.060844	0.053835	0.091448	0.082274	0.083419	0	0.06792	0.060844	0.053835	0.057721	0.061679	0.068384	0.109684	0.060844	0.082274	0.06792	0.053835	0.06792	0.053835	0.06792	0.082843	0.097638	0.134796	0.093422	0.053835	0.061259	0.05457	0.082843	0.06792	0.086426	0.026434	0.053835	0.0542	0.04689	0.104335	0.089556	0.048854	0.053835	0.0542	0.053835	0.0542	0.04689	0.11941	0.046578	0.053835	0.096909	0.053835	0.068384	0.082843	0.053835	0.075579	0.053835	0.061259	0.02661	0.040009	0.04689	0.077171	0.033191	0.060844	0.107326	0.062104	0.074503	0.055325	0.057307	0.099673	0.089556	0.047207	0.120257	0.127969	0.090178	0.105809	0.056497	0.110494	0.075063	0.112623	0.042565	0.060844	0.105067	0.082274	0.077171	0.086426	0.118472	0.082274	0.097585	0.053835	0.060844	0.05571	0.076633	0.062536	0.057721	0.084597	0.071313	0.069333	0.056899	0.100388	0.072345	0.076633	0.092755	0.071825	0.069333	0.070309	0.091448	0.056101	0.109684	0.100388	0.070309	0.049198	0.076633	0.084004	0.069333	0.118472	0.114235	0.041969	0.062104	0.047852	0.070807	0.091448	0.092755	0.101114	0.077717	0.041969	0.077171	0.094786	0.084004	0.106562	0.114235	0.062104	0.1081	0.028305	0.062536	0.076633	0.098967	0.085198	0.062104	0.057307	0.077171	0.062104	0.069333	0.062104	0.084004	0.079401	0.070807	0.087054	0.084004	0.098967	0.100388	0.116513	0.101851	0.061259	0.084004	0.097585	0.111315	0.070807	0.089556	0.0542	0.062104	0.089556	0.090808	0.105067	0.075063	0.120257	0.082274	0.075063	0.06792	0.050258	0.096909	0.0542	0