TOTAL EXECUTION TIME: 408.886613
cache_entries_created: 2090
cache_hits: 2088
cache_misses: 2090
cache_hit_rate: 0.499761
cache_size_bytes: 7722271
cache_overhead_per_hit: 0.008941
