TOTAL EXECUTION TIME: 51.349742
cache_entries_created: 8192
cache_hits: 3284992
cache_misses: 8192
cache_hit_rate: 0.997512
cache_size_bytes: 32768
cache_overhead_per_hit: 0.000008
