TOTAL EXECUTION TIME: 414.654322
cache_entries_created: 65536
cache_hits: 26279936
cache_misses: 65536
cache_hit_rate: 0.997512
cache_size_bytes: 262144
cache_overhead_per_hit: 0.000008
