TOTAL EXECUTION TIME: 26.476610
cache_entries_created: 4096
cache_hits: 1642496
cache_misses: 4096
cache_hit_rate: 0.997512
cache_size_bytes: 16384
cache_overhead_per_hit: 0.000008
