TOTAL EXECUTION TIME: 212.808816
cache_entries_created: 32768
cache_hits: 13139968
cache_misses: 32768
cache_hit_rate: 0.997512
cache_size_bytes: 131072
cache_overhead_per_hit: 0.000008
